! 0 200 200 200 1
PAGE-WIDTH 500
LINE 0 0 500 0 1
LINE 0 0 0 60 1
TEXT 0 0 5 45 0
LINE 8 0 8 40 1
LINE 16 0 16 40 1
LINE 24 0 24 40 1
LINE 32 0 32 40 1
LINE 40 0 40 50 1
TEXT 0 0 45 45 40
LINE 48 0 48 40 1
LINE 56 0 56 40 1
LINE 64 0 64 40 1
LINE 72 0 72 40 1
LINE 80 0 80 60 1
TEXT 0 0 85 45 80
LINE 88 0 88 40 1
LINE 96 0 96 40 1
LINE 104 0 104 40 1
LINE 112 0 112 40 1
LINE 120 0 120 50 1
TEXT 0 0 125 45 120
LINE 128 0 128 40 1
LINE 136 0 136 40 1
LINE 144 0 144 40 1
LINE 152 0 152 40 1
LINE 160 0 160 60 1
TEXT 0 0 165 45 160
LINE 168 0 168 40 1
LINE 176 0 176 40 1
LINE 184 0 184 40 1
LINE 192 0 192 40 1
LINE 200 0 200 50 1
TEXT 0 0 205 45 200
LINE 208 0 208 40 1
LINE 216 0 216 40 1
LINE 224 0 224 40 1
LINE 232 0 232 40 1
LINE 240 0 240 60 1
TEXT 0 0 245 45 240
LINE 248 0 248 40 1
LINE 256 0 256 40 1
LINE 264 0 264 40 1
LINE 272 0 272 40 1
LINE 280 0 280 50 1
TEXT 0 0 285 45 280
LINE 288 0 288 40 1
LINE 296 0 296 40 1
LINE 304 0 304 40 1
LINE 312 0 312 40 1
LINE 320 0 320 60 1
TEXT 0 0 325 45 320
LINE 328 0 328 40 1
LINE 336 0 336 40 1
LINE 344 0 344 40 1
LINE 352 0 352 40 1
LINE 360 0 360 50 1
TEXT 0 0 365 45 360
LINE 368 0 368 40 1
LINE 376 0 376 40 1
LINE 384 0 384 40 1
LINE 392 0 392 40 1
LINE 400 0 400 60 1
TEXT 0 0 405 45 400
LINE 408 0 408 40 1
LINE 416 0 416 40 1
LINE 424 0 424 40 1
LINE 432 0 432 40 1
LINE 440 0 440 50 1
TEXT 0 0 445 45 440
LINE 448 0 448 40 1
LINE 456 0 456 40 1
LINE 464 0 464 40 1
LINE 472 0 472 40 1
LINE 480 0 480 60 1
TEXT 0 0 485 45 480
LINE 488 0 488 40 1
LINE 496 0 496 40 1
LINE 504 0 504 40 1
LINE 0 0 0 200 1
LINE 0 0 60 0 1
TEXT 0 0 45 5 0
LINE 0 8 40 8 1
LINE 0 16 40 16 1
LINE 0 24 40 24 1
LINE 0 32 40 32 1
LINE 0 40 50 40 1
TEXT 0 0 45 45 40
LINE 0 48 40 48 1
LINE 0 56 40 56 1
LINE 0 64 40 64 1
LINE 0 72 40 72 1
LINE 0 80 60 80 1
TEXT 0 0 45 85 80
LINE 0 88 40 88 1
LINE 0 96 40 96 1
LINE 0 104 40 104 1
LINE 0 112 40 112 1
LINE 0 120 50 120 1
TEXT 0 0 45 125 120
LINE 0 128 40 128 1
LINE 0 136 40 136 1
LINE 0 144 40 144 1
LINE 0 152 40 152 1
LINE 0 160 60 160 1
TEXT 0 0 45 165 160
LINE 0 168 40 168 1
LINE 0 176 40 176 1
LINE 0 184 40 184 1
LINE 0 192 40 192 1
LINE 0 200 50 200 1
TEXT 0 0 45 205 200
LINE 0 208 40 208 1
LINE 120 80 120 120 1
LINE 80 120 120 120 1
TEXT 0 2 130 90 H: 40
TEXT 0 2 200 90 CPCL ruler (8 points/mm)
TEXT 0 2 90 130 W: 40
PRINT
